1587143214.56; 0.22601088332773575
1587143215.58; 0.22601088332773575
1587143216.59; 0.22024131024626048
1587143217.61; 0.21474326936990876
1587143218.63; 0.20949700254163517
1587143219.65; 0.20448483876652232
1587143220.66; 0.19969089470757914
1587143221.68; 0.19969089470757914
1587143222.7; 0.19510082920327876
1587143223.72; 0.19070164032722894
1587143224.73; 0.18648149626395455
1587143225.74; 0.18242959330192918
1587143226.76; 0.18242959330192918
1587143227.78; 0.18242959330192918
1587143228.8; 0.17853603575307928
1587143229.82; 0.1747917337410599
1587143230.84; 0.1711883156598412
1587143231.86; 0.1711883156598412
1587143232.87; 0.16771805276148827
1587143233.9; 0.16437379383907086
1587143234.91; 0.1611489083648922
1587143235.93; 0.15803723675304038
1587143236.95; 0.15503304665891365
1587143237.96; 0.15503304665891365
1587143238.98; 0.15213099442191166
1587143240.0; 0.7486972539934879
1587143241.04; 0.7486972539934879
1587143242.06; 0.7260462867360209
1587143243.09; 0.7025361957155365
1587143244.12; 0.67816125535688
1587143245.13; 0.6529111855783472
1587143246.16; 0.626770409421542
1587143247.18; 0.626770409421542
1587143248.21; 0.5997178087689686
1587143249.24; 0.5717271767511583
1587143250.27; 0.5427685807661258
1587143251.28; 0.5128108500766875
1587143252.3; 0.5128108500766875
1587143253.31; 0.4736783412505938
1587143254.33; 0.44134475695625247
1587143255.35; 0.4079541026208454
1587143256.37; 0.3735278625795395
1587143257.39; 0.33811999360916356
1587143258.42; 0.33811999360916356
1587143259.44; 0.30182511497408004
1587143260.46; 0.2647851626234512
1587143261.48; 0.22719314642671368
1587143262.5; 0.18929272250939505
1587143263.53; 0.18929272250939505
1587143264.54; 0.1513726903270532
1587143265.57; 0.10314570330522516
1587143266.6; 0.06622820576127042
1587143267.64; 0.03036719440703395
1587143268.68; 0.03036719440703395
1587143269.72; 0.004116473448800229
1587143270.75; 0.03693957418664329
1587143271.76; 0.06786905922138053
1587143272.8; 0.09672960552995713
1587143273.83; 0.12340602601764439
1587143274.85; 0.1478411469122185
1587143275.86; 0.1478411469122185
1587143276.89; 0.17003023960418504
1587143277.91; 0.1982505072875492
1587143278.94; 0.2157520957545303
1587143279.96; 0.23124149761101928
1587143280.99; 0.23124149761101928
1587143282.03; 0.24484412403391842
1587143283.05; 0.25669615594163797
1587143284.1; 0.26693881754074744
1587143285.13; 0.275713851036633
1587143286.15; 0.28316009126284175
1587143287.18; 0.28316009126284175
1587143288.2; 0.2894109925182956
1587143289.23; 0.29291320041507174
1587143290.25; 0.28062641729068855
1587143291.27; 0.2725650545271851
1587143292.29; 0.2725650545271851
1587143293.31; 0.26488508523855975
1587143294.33; 0.25756257320722437
1587143295.36; 0.25057531777875097
1587143296.39; 0.24390274620186947
1587143297.43; 0.23752580049813346
1587143298.44; 0.23752580049813346
1587143299.5; 0.23142682437450485
1587143300.52; 0
1587143301.53; 0.21999851249038258
1587143302.55; 0.2123181759514463
1587143303.57; 0.2123181759514463
1587143304.59; 0.2072741132592429
1587143305.61; 0.2024322303728184
1587143306.63; 0.19778150158963131
1587143307.65; 0.19331165501591016
1587143308.71; 0.1890131110743754
1587143309.74; 0.1890131110743754
1587143310.76; 0.18487692662722663
1587143311.78; 0.18089474421779783
1587143312.81; 0.17705874595481053
1587143313.83; 0.17336161159329147
1587143314.86; 0.1682133432772187
1587143315.88; 0.1682133432772187
1587143316.9; 0.16483158827305344
1587143317.92; 0
1587143318.93; 0.15841303121450684
1587143319.96; 0.15536550158534357
1587143320.98; 0.15536550158534357
1587143322.0; 0.15241917648643377
1587143323.03; 0.14956944436083774
1587143324.07; 0.14681195723241108
1587143325.1; 0.14414261260450056
1587143326.12; 0.1415575368199128
1587143327.15; 0.1415575368199128
1587143328.17; 0.13792139114914076
1587143329.19; 0.13553105336567503
1587143330.22; 0.1332130308225388
1587143331.24; 0.13096430325594774
1587143332.26; 0.12878200893949257
1587143333.3; 0.12878200893949257
1587143334.32; 0.1266634347071482
1587143335.36; 0.12460600671083623
1587143336.4; 0.12260728185005361
1587143337.42; 0.1206649398171673
1587143338.45; 0.1187767757073911
1587143339.47; 0.1187767757073911
1587143340.49; 0.11612705030690622
1587143341.52; 0.11436512881617117
1587143342.55; 0.11265047609837535
1587143343.59; 0.11098132782889233
1587143344.61; 0.11098132782889233
1587143345.63; 0.10935600277217151
1587143346.66; 0.10777289809270434
1587143347.69; 0.10623048497393024
1587143348.71; 0.10472730452192207
1587143349.74; 0.10326196393267739
1587143350.78; 0.10326196393267739
1587143351.82; 0.10183313290362055
1587143352.84; 0.09981555446124724
1587143353.87; 0.09847277943145201
1587143354.9; 0.09716228078193803
1587143355.91; 0.09716228078193803
1587143356.95; 0.09588297171048832
1587143357.98; 0.09463381179506791
1587143359.0; 0.09341380461720382
1587143360.04; 0.0922219955269254
1587143361.09; 0.09105746953965412
1587143362.11; 0.09105746953965412
1587143363.14; 0.3351409985270446
1587143364.16; 0.32062782755007113
1587143365.18; 0.3067973977502168
1587143366.21; 0.2911974074030428
1587143367.25; 0.27515156831067744
1587143368.26; 0.27515156831067744
1587143369.29; 0.2587449727945972
1587143370.32; 0.2420703922635716
1587143371.35; 0.22522562437449944
1587143372.37; 0.2083106752317728
1587143373.4; 0.2083106752317728
1587143374.42; 0.19142496172084023
1587143375.44; 0.1746647041066324
1587143376.46; 0.15812064728356415
1587143377.48; 0.14308660571947993
1587143378.5; 0.12719033224304882
1587143379.52; 0.12719033224304882
1587143380.57; 0.1117312180064243
1587143381.58; 0.09676469561483009
1587143382.6; 0.08233610144006442
1587143383.63; 0.06848096064784526
1587143384.66; 0.055225530900580744
1587143385.68; 0.055225530900580744
1587143386.71; 0.04258753063933102
1587143387.73; 0.030576984386001038
1587143388.75; 0.019197127203727293
1587143389.77; 0.009337367833687549
1587143390.79; 0.0008285358125102726
1587143391.81; 0.0008285358125102726
1587143392.83; 0.010385343166439076
1587143393.86; 0.01934803319688974
1587143394.88; 0.02773425953415691
1587143395.91; 0.03556372430555023
1587143396.94; 0.042857631206045826
1587143397.96; 0.042857631206045826
1587143398.97; 0.049638214768574634
1587143399.99; 0.055928340861573014
1587143401.01; 0.0617511723005848
1587143402.03; 0.06653295534165167
1587143403.06; 0.06653295534165167
1587143404.1; 0.07151785820776171
1587143405.12; 0.0761032754326164
1587143406.13; 0.0761032754326164
1587143407.16; 0.08416333931478469
1587143408.19; 0.08768018935981
1587143409.22; 0.08768018935981
1587143410.25; 0.09088182442356371
1587143411.27; 0.09378743732517747
1587143412.3; 0.09641540320087853
1587143413.34; 0.09878327158660101
1587143414.37; 0.10052643714402335
1587143415.4; 0.10052643714402335
1587143416.43; 0.10244234981738179
1587143417.46; 0.10414513882326425
1587143418.48; 0.1056491727352624
1587143419.52; 0.10696806951834259
1587143420.54; 0.10811472280925286
1587143421.56; 0.10811472280925286
1587143422.6; 0.10910132952967709
1587143423.61; 0.10993941813179331
1587143424.63; 0.10993941813179331
1587143425.65; 0.3376361146910872
1587143426.67; 0.31381272110602954
1587143427.7; 0.29200299127239737
1587143428.74; 0.29200299127239737
1587143429.76; 0.2704304098593564
1587143430.78; 0.24994157398827516
1587143431.8; 0.23049962996561693
1587143432.83; 0.21206547267002707
1587143433.86; 0.19459868396668653
1587143434.87; 0.19459868396668653
1587143435.91; 0.1780582685984932
1587143436.93; 0.16240322390115147
1587143437.95; 0.14759297468061103
1587143438.97; 0.1335876996946383
1587143440.0; 0.12100334644613969
1587143441.02; 0.12100334644613969
1587143442.05; 0.10846776417637963
1587143443.1; 0.09662436850343245
1587143444.13; 0.08543823372639622
1587143445.15; 0.07487582267104426
1587143446.17; 0.06490500581984085
1587143447.21; 0.06490500581984085
1587143448.26; 0.05549506110246202
1587143449.28; 0.046616659046441855
1587143450.31; 0.03824183699492456
1587143451.34; 0.030343965307427723
1587143452.37; 0.02332181836945213
1587143453.41; 0.02332181836945213
1587143454.44; 0.016281613835194553
1587143455.47; 0.009646618902807713
1587143456.5; 0.0033951192824343834
1587143457.52; 0.0024934948659876555
1587143458.56; 0.008038776519591978
1587143459.59; 0.008038776519591978
1587143460.61; 0.013259268941244823
1587143461.63; 0.01817255201990059
1587143462.65; 0.022795287528572156
1587143463.68; 0.027143263101485182
1587143464.71; 0.027143263101485182
1587143465.73; 0.03098688141482603
1587143466.75; 0.03484538566067763
1587143467.76; 0.03847111148650548
1587143468.8; 0.041876770620161624
1587143469.82; 0.04507439869380933
1587143470.85; 0.04507439869380933
1587143471.88; 0.048075389780594724
1587143472.93; 0.05089052938521088
1587143473.97; 0.05353002592003689
1587143474.99; 0.0560035407057856
1587143476.01; 0.058320216540803355
1587143477.05; 0.058320216540803355
1587143478.08; 0.060373373401301306
1587143479.14; 0.062413042062240964
1587143480.15; 0.06432001992019767
1587143481.18; 0.06432001992019767
1587143482.22; 0.06776487107620029
1587143483.24; 0.06776487107620029
1587143484.28; 0.0693162605076907
1587143485.31; 0.07076203232150785
1587143486.34; 0.07210806703429948
1587143487.37; 0.07335992739480056
1587143488.41; 0.07335992739480056
1587143489.45; 0.07452287538116449
1587143490.47; 0.07557532389705007
1587143491.51; 0.07658270019222865
1587143492.55; 0.0775149889259752
1587143493.57; 0.07837641315668334
1587143494.6; 0.07837641315668334
1587143495.64; 0.0791709674223017
1587143496.66; 0.0799024300337112
1587143497.71; 0.08057437471724926
1587143498.74; 0.08119018163930014
1587143499.76; 0.08175304784438657
1587143500.79; 0.08226599713676301
1587143501.81; 0.08226599713676301
1587143502.84; 0.08276475853229026
1587143503.86; 0.08319135455265866
1587143504.9; 0.08357593885036751
1587143505.92; 0.0839209393066631
1587143506.96; 0.08422865229573706
1587143507.99; 0.08422865229573706
1587143509.01; 0.08450124978814204
1587143510.05; 0.08474078607175656
1587143511.08; 0.08494920411043805
1587143512.11; 0.08512834155949868
1587143513.14; 0.08512834155949868
1587143514.18; 0.08527993645618415
1587143515.21; 0.0854776202048308
1587143516.25; 0.08558229171105466
1587143517.29; 0.08566394090512149
1587143518.35; 0.08572396425352832
1587143519.41; 0.08576368253647042
1587143520.45; 0.08576368253647042
1587143521.49; 0.08578434492842248
1587143522.52; 0.0857871328574956
1587143523.56; 0.08577316365548168
1587143524.58; 0.08574349400987645
1587143525.61; 0.08574349400987645
1587143526.64; 0.08569912322858134
1587143527.66; 0.0857383572975147
1587143528.68; 0.08566951690900867
1587143529.71; 0.08558855876794007
1587143530.74; 0.08549628596942915
1587143531.77; 0.08549628596942915
1587143532.8; 0.08539345792116541
1587143533.84; 0.08528079268495883
1587143534.87; 0.08515896919143487
1587143535.89; 0.08502862933478075
1587143536.94; 0.08489037995408212
1587143537.97; 0.08489037995408212
1587143539.0; 0.08474479470743382
1587143540.04; 0.08470654507883174
1587143541.1; 0.08454924386777801
1587143542.14; 0.08438607876775556
1587143543.16; 0.08438607876775556
1587143544.19; 0.08404397348596894
1587143545.25; 0.08404397348596894
1587143546.28; 0.08386587960919888
1587143547.3; 0.1043783521418381
1587143548.32; 0.10251294979818207
1587143549.34; 0.10251294979818207
1587143550.38; 0.10065127555484421
1587143551.4; 0.09879385989746263
1587143552.44; 0.09686348999891399
1587143553.46; 0.09501823392016243
1587143554.49; 0.0931787338589402
1587143555.53; 0.0931787338589402
1587143556.56; 0.09134546392965481
1587143557.6; 0.0895188835070193
1587143558.64; 0.08769943686496459
1587143559.66; 0.08588755285976107
1587143560.69; 0.08588755285976107
1587143561.71; 0.08408364465672016
1587143562.73; 0.08228810949970645
1587143563.77; 0.08050132852256157
1587143564.8; 0.07866417132070529
1587143565.84; 0.07866417132070529
1587143566.88; 0.07689787601402134
1587143567.93; 0.07514135521080514
1587143568.97; 0.07339492379567147
1587143570.05; 0.07165888026998146
1587143571.08; 0.06993350678833685
1587143572.13; 0.06821906922782098
1587143573.17; 0.06821906922782098
1587143574.2; 0.06651581728846448
1587143575.23; 0.06651581728846448
1587143576.28; 0.06314378899703052
1587143577.31; 0.06314378899703052
1587143578.34; 0.05977680234145552
1587143579.37; 0.05977680234145552
1587143580.4; 0.05813427582968883
1587143581.43; 0.056504074880364186
1587143582.46; 0.054886341091593266
1587143583.5; 0.05328120167708003
1587143584.58; 0.05168876977406356
1587143585.62; 0.0501091447668697
1587143586.67; 0.0501091447668697
1587143587.7; 0.04854241262463618
1587143588.74; 0.046988646251817895
1587143589.78; 0.04541643425935937
1587143590.83; 0.043890154645438245
1587143591.88; 0.04237696029850063
1587143592.9; 0.04237696029850063
1587143593.94; 0.040876875971872284
1587143594.96; 0.03938991528134689
1587143595.99; 0.037916081103085725
1587143597.02; 0.03645536597592214
1587143598.06; 0.03645536597592214
1587143599.11; 0.03500775250708349
1587143600.14; 0.033573213780397626
1587143601.18; 0.032151713766104734
1587143602.22; 0.030722082972990117
1587143603.25; 0.029327711802891926
1587143604.28; 0.029327711802891926
1587143605.3; 0.029327711802891926
1587143606.32; 0.029327711802891926
1587143607.34; 0.029327711802891926
1587143608.38; 0.029327711802891926
1587143609.41; 0.029327711802891926
1587143610.44; 0.02794620227066616
1587143611.48; 0.026577486533645667
1587143612.5; 0.02522148968577137
1587143613.54; 0.023878130159294825
1587143614.57; 0.023878130159294825
1587143615.6; 0.022547320123384618
1587143616.65; 0.021228965879141
1587143617.69; 0.019922968250565137
1587143618.72; 0.0186292229710647
1587143619.75; 0.017335207008027376
1587143620.79; 0.01606671035462076
1587143621.82; 0.01606671035462076
1587143622.86; 0.014810114485363235
1587143623.9; 0.01356529900177425
1587143624.92; 0.012332140254302404
1587143625.95; 0.011110511693645103
1587143626.99; 0.011110511693645103
1587143628.02; 0.009900284215640459
1587143629.07; 0.008701326499545442
1587143630.1; 0.007513505339534099
1587143631.15; 0.0063366859692679245
1587143632.17; 0.005166190343400934
1587143633.2; 0.00401199067470609
1587143634.24; 0.00401199067470609
1587143635.28; 0.0028683750816831943
1587143636.31; 0.0017352059010843635
1587143637.34; 0.0006123453976178417
1587143638.4; 0.0005003439564323642
1587143639.44; 0.0005003439564323642
1587143640.47; 0.0016029992091582401
1587143641.5; 0.0026957566646192144
1587143642.53; 0.0037787516261381937
1587143643.56; 0.0048521181473654695
1587143644.6; 0.0048521181473654695
1587143645.63; 0.005912784039414504
1587143646.66; 0.006966266547888095
1587143647.7; 0.008010518075871609
1587143648.73; 0.009045665423626698
1587143649.76; 0.009045665423626698
1587143650.8; 0.010071833048945877
1587143651.84; 0.011089142866594848
1587143652.87; 0.01209771405590443
1587143653.9; 0.013097662876584953
1587143654.93; 0.014089102492834488
1587143655.97; 0.014089102492834488
1587143657.0; 0.015072142805819144
1587143658.03; 0.016038536275479437
1587143659.06; 0.01700405557827797
1587143660.11; 0.017961491214692704
1587143661.15; 0.01891093894823223
1587143662.2; 0.019852490604312878
1587143663.24; 0.020786233954531635
1587143664.27; 0.020786233954531635
1587143665.3; 0.021712252609838667
1587143666.33; 0.022630625922703054
1587143667.38; 0.023541428898360056
1587143668.44; 0.024444732115232168
1587143669.47; 0.02532477936451584
1587143670.51; 0.02532477936451584
1587143671.55; 0.02532477936451584
1587143672.57; 0.41837432247698925
1587143673.6; 0.4100704822212586
1587143674.64; 0.4100704822212586
1587143675.67; 0.4017039721869752
1587143676.72; 0.39328742088901947
1587143677.74; 0.3848334290335957
1587143678.76; 0.3763544804815048
1587143679.8; 0.3678628576623818
1587143680.85; 0.3593705625765997
1587143681.89; 0.3593705625765997
1587143682.92; 0.3508892443340622
1587143683.95; 0.34262139270756875
1587143684.98; 0.3341989969337237
1587143686.02; 0.3258193788788135
1587143687.05; 0.3258193788788135
1587143688.1; 0.3174922125554475
1587143689.14; 0.3092265765302991
1587143690.2; 0.30103092909275025
1587143691.24; 0.30103092909275025
1587143692.27; 0.292913091147663
1587143693.32; 0.28488023638543525
1587143694.35; 0.28488023638543525
1587143695.38; 0.2690949226868714
1587143696.45; 0.26150986876706994
1587143697.49; 0.25387661689079966
1587143698.53; 0.24635440208321607
1587143699.55; 0.23894665865409814
1587143700.59; 0.23165625778876753
1587143701.63; 0.23165625778876753
1587143702.67; 0.2244855333797242
1587143703.72; 0.21743630952768156
1587143704.77; 0.21050992919582928
1587143705.8; 0.20370728355260526
1587143706.83; 0.20370728355260526
1587143707.87; 0.19702884159122458
1587143708.93; 0.19059041057806403
1587143709.96; 0.1841606061435091
1587143711.03; 0.177854148500121
1587143712.08; 0.17167011981262376
1587143713.1; 0.16560732112087195
1587143714.14; 0.15966429778885272
1587143715.16; 0.15966429778885272
1587143716.19; 0.15966429778885272
1587143717.22; 0.14813062416954037
1587143718.26; 0.14253599742530498
1587143719.29; 0.14253599742530498
1587143720.32; 0.13705323482404985
1587143721.35; 0.13175231141177496
1587143722.38; 0.12648760710845902
1587143723.42; 0.12132726594967336
1587143724.44; 0.1162685532077034
1587143725.47; 0.11130864810836882
1587143726.51; 0.11130864810836882
1587143727.53; 0.10644465636144701
1587143728.58; 0.10167362160695465
1587143729.61; 0.09699253584656797
1587143730.64; 0.09239834893192633
1587143731.68; 0.08788797718303643
1587143732.73; 0.08788797718303643
1587143733.78; 0.08350929508156202
1587143734.82; 0.07916066545709427
1587143735.87; 0.07488658395228776
1587143736.91; 0.07488658395228776
1587143737.95; 0.07068391011307235
1587143738.98; 0.06654950262945247
1587143740.01; 0.06248022426464589
1587143741.04; 0.06248022426464589
1587143742.07; 0.054524553388310304
1587143743.1; 0.054524553388310304
1587143744.13; 0.0506319464081178
1587143745.16; 0.04679204750806182
1587143746.21; 0.043062294129094014
1587143747.26; 0.039323433655650275
1587143748.29; 0.039323433655650275
1587143749.34; 0.03197414314149072
1587143750.39; 0.03197414314149072
1587143751.43; 0.028357850177781196
1587143752.52; 0.02477662046884388
1587143753.56; 0.02122763452601162
1587143754.59; 0.017708125818171327
1587143755.62; 0.017708125818171327
1587143756.67; 0.014215385843885764
1587143757.7; 0.010746769622084096
1587143758.75; 0.007385119818194286
1587143759.78; 0.003961814652757023
1587143760.83; 0.0005553378202636794
1587143761.86; 0.0028366347075511333
1587143762.88; 0.0028366347075511333
1587143763.93; 0.006216328871421761
1587143765.0; 0.009585863755525892
1587143766.03; 0.012947242173182494
1587143767.06; 0.016302340605895138
1587143768.1; 0.016302340605895138
1587143769.13; 0.0196528985069494
1587143770.17; 0.02300050699520728
1587143771.21; 0.026252465411185533
1587143772.24; 0.029593386186674397
1587143773.27; 0.03293493707626455
1587143774.31; 0.03293493707626455
1587143775.34; 0.03627799938093479
1587143776.4; 0.03962324416239338
1587143777.44; 0.04297111897914552
1587143778.49; 0.046321834742900525
1587143779.53; 0.046321834742900525
1587143780.6; 0.05303137311764217
1587143781.63; 0.05303137311764217
1587143782.66; 0.056389321852154506
1587143783.7; 0.15559486894745922
1587143784.74; 0.15601023957195914
1587143785.78; 0.15625067467811854
1587143786.81; 0.15632653541468836
1587143787.87; 0.15632653541468836
1587143788.91; 0.15624810580598303
1587143789.95; 0.1560255342702
1587143790.99; 0.1556687826342113
1587143792.04; 0.15518758230145405
1587143793.08; 0.1545913971553871
1587143794.11; 0.1545913971553871
1587143795.15; 0.15388939273254434
1587143796.2; 0.15388939273254434
1587143797.28; 0.15307377898244728
1587143798.32; 0.15218372459268237
1587143799.37; 0.15121364416756714
1587143800.41; 0.15017129650838573
1587143801.44; 0.14906406415622056
1587143802.48; 0.1478989500801518
1587143803.52; 0.1478989500801518
1587143804.56; 0.1466825773474224
1587143805.6; 0.1454211914036021
1587143806.64; 0.14412066462100565
1587143807.67; 0.14278650280268984
1587143808.7; 0.14139376087658279
1587143809.72; 0.14139376087658279
1587143810.77; 0.14000733150168468
1587143811.89; 0.13860184548191037
1587143812.92; 0.13718142393094584
1587143813.98; 0.1357498745362834
1587143815.01; 0.13431070466374462
1587143816.07; 0.13431070466374462
1587143817.16; 0.13286713488033755
1587143818.21; 0.1314221127509772
1587143819.24; 0.1314221127509772
1587143820.29; 0.1285382203750757
1587143821.33; 0.1285382203750757
1587143822.36; 0.12707952364349132
1587143823.42; 0.12565430203117137
1587143824.46; 0.12423882038391967
1587143825.54; 0.12283467067578673
1587143826.59; 0.12144326737564576
1587143827.63; 0.1200658598088293
1587143828.65; 0.11870354405836497
1587143829.7; 0.11870354405836497
1587143830.75; 0.1173572743761455
1587143831.78; 0.11602787408217903
1587143832.83; 0.11471604593715296
1587143833.89; 0.11341130695125995
1587143834.94; 0.11213774249631082
1587143835.98; 0.11088323565376967
1587143837.01; 0.11088323565376967
1587143838.05; 0.1096480965150859
1587143839.13; 0.10843255879948502
1587143840.2; 0.10723678704339645
1587143841.26; 0.10723678704339645
1587143842.28; 0.10606088330059152
1587143843.3; 0.10490489337089727
1587143844.36; 0.10376881257685186
1587143845.4; 0.10376881257685186
1587143846.43; 0.10155982690211696
1587143847.47; 0.10155982690211696
1587143848.51; 0.09942843995212172
1587143849.54; 0.09942843995212172
1587143850.59; 0.09839176482044314
1587143851.67; 0.09737416360771108
1587143852.71; 0.0963754057991243
1587143853.75; 0.09539524300159094
1587143854.8; 0.09539524300159094
1587143855.84; 0.09443341159004169
1587143856.88; 0.7682869087429427
1587143857.94; 0.7389109735189562
1587143859.01; 0.7389109735189562
1587143860.08; 0.7097655349227132
1587143861.12; 0.6803518332275014
1587143862.17; 0.6510153811565328
1587143863.21; 0.6218140301478696
1587143864.25; 0.6218140301478696
1587143865.32; 0.5927994053023912
1587143866.35; 0.5640168772708815
1587143867.39; 0.5640168772708815
1587143868.43; 0.507299808487344
1587143869.47; 0.4794276966681514
1587143870.5; 0.45191392510719114
1587143871.54; 0.45191392510719114
1587143872.56; 0.4250375811052369
1587143873.61; 0.39829311352332164
1587143874.66; 0.37196342926519366
1587143875.7; 0.34606551593736085
1587143876.73; 0.32061683942104013
1587143877.79; 0.29563613672202416
1587143878.85; 0.29563613672202416
1587143879.88; 0.27114405091123694
1587143880.91; 0.24716356751206298
1587143881.95; 0.22372022008923326
1587143882.98; 0.20084204487992569
1587143884.05; 0.20084204487992569
1587143885.08; 0.1787072268463918
1587143886.12; 0.1570390960488669
1587143887.19; 0.13603123665838562
1587143888.23; 0.1157165455378707
1587143889.3; 0.1157165455378707
1587143890.32; 0.0961268773793304
1587143891.36; 0.059238535560823424
1587143892.41; 0.059238535560823424
1587143893.45; 0.04198914294619266
1587143894.49; 0.025561679614236388
1587143895.55; 0.009968697118826919
1587143896.58; 0.004742374701088736
1587143897.62; 0.018658856954482272
1587143898.67; 0.018658856954482272
1587143899.74; 0.03173661777912817
1587143900.8; 0.043985572772288484
1587143901.84; 0.043985572772288484
1587143902.88; 0.055420599490585754
1587143903.93; 0.06606099978243646
1587143904.96; 0.0759298918056156
1587143906.02; 0.08505356767193373
1587143907.08; 0.09346084787239978
1587143908.16; 0.10118245771628476
1587143909.22; 0.10825708445780868
1587143910.29; 0.11470659567786673
1587143911.32; 0.11470659567786673
1587143912.37; 0.11470659567786673
1587143913.41; 0.12056821810366466
1587143914.46; 0.1258750789971374
1587143915.51; 0.13065988821750443
1587143916.63; 0.13065988821750443
1587143917.67; 0.13495466175255544
1587143918.71; 0.13879050212455596
1587143919.76; 0.13879050212455596
1587143920.79; 0.14219742993289883
1587143921.82; 0.14520426031879974
1587143922.85; 0.14783851808031476
1587143923.92; 0.1501470882948513
1587143924.96; 0.15211414458224815
1587143926.0; 0.15378300567652847
1587143927.03; 0.15378300567652847
1587143928.09; 0.15517576646311762
1587143929.13; 0.15631319150952447
1587143930.18; 0.15631319150952447
1587143931.22; 0.15789867950686345
1587143932.25; 0.15789867950686345
1587143933.29; 0.15838200206109698
1587143934.33; 0.15880932761323777
1587143935.36; 0.15880932761323777
1587143936.41; 0.15880828493438004
1587143937.49; 0.15863801203110717
1587143938.55; 0.15833633843430955
1587143939.59; 0.15791432174055237
1587143940.65; 0.15791432174055237
1587143941.69; 0.15738221949066392
1587143942.77; 0.1567495413935199
1587143943.81; 0.15602509943419485
1587143944.87; 0.15521705575541667
1587143945.9; 0.15521705575541667
1587143946.94; 0.15433296825445794
1587143947.99; 0.15337983387770276
1587143949.03; 0.1523942372097104
1587143950.07; 0.15132227929162295
1587143951.12; 0.15019929257310294
1587143952.17; 0.14903041883102938
1587143953.21; 0.1478204218634021
1587143954.24; 0.1478204218634021
1587143955.27; 0.14657371774924646
1587143956.33; 0.14529440313536776
1587143957.39; 0.1439862816095305
1587143958.44; 0.14265288821683472
1587143959.51; 0.14265288821683472
1587143960.54; 0.14265288821683472
1587143961.6; 0.13995666601069753
1587143962.67; 0.13856663124467616
1587143963.75; 0.13716321228198267
1587143964.79; 0.13574890905344428
1587143965.83; 0.13574890905344428
1587143966.85; 0.13289687466902103
1587143967.9; 0.13289687466902103
1587143968.94; 0.13146340590807
1587143969.98; 0.13002759931558874
1587143971.05; 0.12859128243486398
1587143972.09; 0.12715617633085405
1587143973.12; 0.1257612908408315
1587143974.16; 0.1257612908408315
1587143975.21; 0.1257612908408315
1587143976.24; 0.12291212187838374
1587143977.29; 0.12291212187838374
1587143978.33; 0.1200915154247932
1587143979.37; 0.1200915154247932
1587143980.4; 0.11869504520741116
1587143981.43; 0.11730930309736406
1587143982.46; 0.11593532280387518
1587143983.49; 0.11457406331215045
1587143984.52; 0.11457406331215045
1587143985.57; 0.11322641034898696
1587143986.61; 0.11143590316688513
1587143987.65; 0.10961898440715519
1587143988.68; 0.10785454226345172
1587143989.72; 0.10614052840003184
1587143990.76; 0.10614052840003184
1587143991.8; 0.10285605867225568
1587143992.84; 0.10285605867225568
1587143993.87; 0.10128195839647677
1587143994.9; 0.09975098877880062
1587143995.94; 0.09826152729145894
1587143997.04; 0.09826152729145894
1587143998.07; 0.09681202425383059
1587143999.11; 0.09530512781353448
1587144000.15; 0.0939337162164792
1587144001.22; 0.09259792431165484
1587144002.26; 0.09129646414527975
1587144003.3; 0.09129646414527975
1587144004.34; 0.09002810440880281
1587144005.38; 0.09002810440880281
1587144006.42; 0.0875860280519774
1587144007.45; 0.08641010824777405
1587144008.5; 0.0852628777046729
1587144009.54; 0.08414335013128225
1587144010.6; 0.08414335013128225
1587144011.65; 0.08297619010476137
1587144012.68; 0.08191107051584888
1587144013.71; 0.08087088055156824
1587144014.76; 0.07985479339747173
1587144015.81; 0.0788620167881032
1587144016.88; 0.077891791354256
1587144017.92; 0.077891791354256
1587144018.95; 0.07694338905128283
1587144020.0; 0.07601611166498125
1587144021.04; 0.07510928939169909
1587144022.06; 0.07422227948937841
1587144023.11; 0.07422227948937841
1587144024.15; 0.07329502360901609
1587144025.18; 0.07244711905081216
1587144026.23; 0.07161720862398639
1587144027.25; 0.07080474718961946
1587144028.31; 0.07000921081152213
1587144029.34; 0.07000921081152213
1587144030.38; 0.06923009577274582
1587144031.45; 0.06846691764242681
1587144032.51; 0.06771921039042972
1587144033.54; 0.06698652554734154
1587144034.58; 0.06626843140748036
1587144035.6; 0.06551664720556595
1587144036.64; 0.06551664720556595
1587144037.68; 0.06482746868005013
1587144038.72; 0.0641516517841849
1587144039.75; 0.0644598411138175
1587144040.78; 0.0644598411138175
1587144041.82; 0.05460226526356658
1587144042.86; 0.05460226526356658
1587144043.91; 0.05006950246917369
1587144044.94; 0.04577914244940336
1587144045.96; 0.04171635597615135
1587144047.03; 0.04171635597615135
1587144048.06; 0.037867329115332526
1587144049.09; 0.03426532156320708
1587144050.11; 0.030805669746383935
1587144051.15; 0.027523742318369612
1587144052.2; 0.024409119721195333
1587144053.22; 0.021452085127702122
1587144054.25; 0.021452085127702122
1587144055.3; 0.01864357338909245
1587144056.36; 0.015975123566944402
1587144057.48; 0.015975123566944402
1587144058.52; 0.01102732579247373
1587144059.55; 0.008733696295551208
1587144060.58; 0.008733696295551208
1587144061.6; 0.006593775563925208
1587144062.65; 0.004516503115328863
1587144063.69; 0.0025389574081021854
1587144064.73; 0.0025389574081021854
1587144065.77; 0.0011378170393807896
1587144066.8; 0.0011378170393807896
1587144067.82; 0.002846673524608309
1587144068.84; 0.004475104152922363
1587144069.89; 0.006027218026089631
1587144070.93; 0.00750687735484358
1587144071.97; 0.00891771462227868
1587144073.0; 0.010225383023995699
1587144074.03; 0.010225383023995699
1587144075.08; 0.011509113983663027
1587144076.11; 0.012733694528367215
1587144077.24; 0.013901984745010025
1587144078.28; 0.015016683133113766
1587144079.31; 0.015016683133113766
1587144080.34; 0.016080337310827218
1587144081.38; 0.017095353922297114
1587144082.41; 0.017095353922297114
1587144083.46; 0.018988450509690113
1587144084.53; 0.01987071812389337
1587144085.57; 0.01987071812389337
1587144086.6; 0.020680001509385246
1587144087.65; 0.021484060444261148
1587144088.71; 0.022251426963654675
1587144089.74; 0.022983743108645732
1587144090.76; 0.023682567115260907
1587144091.79; 0.023682567115260907
1587144092.83; 0.02434937845460871
1587144093.88; 0.024985582521495707
1587144094.92; 0.02559251499872322
1587144095.96; 0.026171445922051353
1587144096.99; 0.026723583468769713
1587144098.02; 0.026723583468769713
1587144099.08; 0.027723806549012527
1587144100.12; 0.027723806549012527
1587144101.15; 0.028202661300335045
1587144102.17; 0.028658998919525072
1587144103.21; 0.028658998919525072
1587144104.25; 0.02909376676379754
1587144105.29; 0.02909376676379754
1587144106.32; 0.02990216564845055
1587144107.34; 0.030277481415621366
1587144108.38; 0.030634601138975072
1587144109.4; 0.030634601138975072
1587144110.43; 0.030974275041293978
1587144111.46; 0.03127227471242853
1587144112.49; 0.03157954684073636
1587144113.55; 0.03187142443734607
1587144114.57; 0.03187142443734607
1587144115.67; 0.032148533790625204
1587144116.73; 0.03241147400203301
1587144117.78; 0.032660818327862426
1587144118.82; 0.03289711544368068
1587144119.86; 0.03312089063664711
1587144120.9; 0.03312089063664711
1587144121.95; 0.033332646930501024
1587144123.0; 0.033532866147650886
1587144124.03; 0.033700731338598966
1587144125.07; 0.03387955710563837
1587144126.11; 0.034048168798326874
1587144127.16; 0.03420697298374731
1587144128.19; 0.034356359530168315
1587144129.23; 0.034356359530168315
1587144130.26; 0.03449670236778504
1587144131.33; 0.034628360209693135
1587144132.38; 0.03475167723551275
1587144133.4; 0.03475167723551275
1587144134.44; 0.034866983739920185
1587144135.47; 0.03497459674817803
1587144136.52; 0.035056324658099464
1587144137.57; 0.035149720628269446
1587144138.6; 0.035236295790942285
1587144139.63; 0.03531631971722264
1587144140.65; 0.035390051355678326
1587144141.68; 0.035390051355678326
1587144142.76; 0.03545773948640522
1587144143.79; 0.035519623153289534
1587144144.87; 0.03557593207567167
1587144145.91; 0.03557593207567167
1587144146.95; 0.03562688704054083
1587144147.97; 0.03567270027631368
1587144149.01; 0.035697380599635384
1587144150.05; 0.03573374415878661
1587144151.08; 0.03576555092997634
1587144152.14; 0.03576555092997634
1587144153.17; 0.035792982372954654
1587144154.23; 0.03581621301373003
1587144155.27; 0.03583541072659204
1587144156.32; 0.035850737003499215
1587144157.39; 0.03586234721147338
1587144158.43; 0.03587039083860285
1587144159.47; 0.03587039083860285
1587144160.5; 0.03587501172921952
1587144161.53; 2.289558833042115
1587144162.58; 0.6377643582098305
1587144163.61; 0.6114795391047679
1587144164.66; 0.6114795391047679
1587144165.7; 0.5856203317591038
1587144166.73; 0.5602526464962483
1587144167.76; 0.5354287498945403
1587144168.8; 0.5111882040017064
1587144169.83; 0.4875591046884699
1587144170.85; 0.4875591046884699
1587144171.89; 0.464559501349739
1587144172.93; 0.44219889498335807
1587144173.98; 0.42049246897453524
1587144175.01; 0.3994096760962973
1587144176.06; 0.37895787716113705
1587144177.1; 0.37895787716113705
1587144178.13; 0.33990229672527306
1587144179.15; 0.33990229672527306
1587144180.19; 0.33990229672527306
1587144181.21; 0.30321938303579266
1587144182.24; 0.28573109087554577
1587144183.26; 0.28573109087554577
1587144184.31; 0.2687923254620008
1587144185.35; 0.25238945386103195
1587144186.38; 0.2365103695610471
1587144187.42; 0.2211412563892461
1587144188.45; 0.20627295834995318
1587144189.47; 0.20627295834995318
1587144190.53; 0.19189586977047257
1587144191.56; 0.17800135944035533
1587144192.58; 0.16458166544867975
1587144193.6; 0.1516297646487274
1587144194.62; 0.13913922631650383
1587144195.65; 0.13913922631650383
1587144196.68; 0.12710405841302969
1587144197.73; 0.11551855367513558
1587144198.76; 0.10436936275502634
1587144199.8; 0.09366579912700107
1587144200.83; 0.0833951233042809
1587144201.86; 0.0833951233042809
1587144202.89; 0.07355141728367698
1587144203.91; 0.06412844459521849
1587144204.96; 0.055119581799218
1587144205.99; 0.04651776905883015
1587144207.03; 0.038315479005059105
1587144208.08; 0.038315479005059105
1587144209.12; 0.030504702603688594
1587144210.15; 0
1587144211.2; 0.016011794004366642
1587144212.26; 0.016011794004366642
1587144213.32; 0.016011794004366642
1587144214.36; 0.009322882738055899
1587144215.41; 0.0029889181308571933
1587144216.46; 0.0030002653855422112
1587144217.6; 0.008655147674186736
1587144218.67; 0.013986471157927616
1587144219.7; 0.01900518708399057
1587144220.74; 0.023722401180277075
1587144221.76; 0.02814931989025407
1587144222.79; 0.032297198170592456
1587144223.83; 0.03618492677406143
1587144224.86; 0.03618492677406143
1587144225.91; 0.03980783680167088
1587144226.94; 0.04318525960293093
1587144227.99; 0.04632818234422023
1587144229.0; 0.04924742460559872
1587144230.03; 0.04924742460559872
1587144231.07; 0.051953606468699176
1587144232.12; 0.054457120565651496
1587144233.19; 0.05676810800132659
1587144234.23; 0.05676810800132659
1587144235.3; 0.06085169112553854
1587144236.32; 0.06264416303499051
1587144237.36; 0.06264416303499051
1587144238.38; 0.0642801726644146
1587144239.43; 0.06577001123525883
1587144240.47; 0.06712200120587138
1587144241.53; 0.06834413706750533
1587144242.57; 0.06944408481375411
1587144243.6; 0.06944408481375411
1587144244.63; 0.07042918325750215
1587144245.66; 0.0713064469682869
1587144246.7; 0.0720825706163731
1587144247.73; 0.07276393452438089
1587144248.76; 0.07335220489805647
1587144249.81; 0.07386156420080701
1587144250.84; 0.07386156420080701
1587144251.88; 0.07429351227623406
1587144252.93; 0.07465324542751624
1587144253.96; 0.07494568546315329
1587144255.01; 0.07517548916751174
1587144256.05; 0.07534705799794822
1587144257.08; 0.07534705799794822
1587144258.12; 0.07546454792133607
1587144259.15; 0.0755318793136096
1587144260.18; 0.07555274685583306
1587144261.21; 0.07555274685583306
1587144262.25; 0.07546114453035634
1587144263.28; 0.07546114453035634
1587144264.32; 0.07536251323125148
1587144265.34; 0.07523015255585555
1587144266.37; 0.07506677266547213
1587144267.41; 0.07487491463668512
1587144268.45; 0.07465695913538349
1587144269.47; 0.07465695913538349
1587144270.51; 0.07441513481562864
1587144271.54; 0.07415152643212894
1587144272.57; 0.0738680826583519
1587144273.6; 0.07355783217233927
1587144274.64; 0.07324002718407419
1587144275.68; 0.07324002718407419
1587144276.71; 0.07290750102454219
1587144277.75; 0.07256172950845052
1587144278.77; 0.07220408696818759
1587144279.81; 0.07183585227596104
1587144280.84; 0.07145821457744624
1587144281.88; 0.07145821457744624
1587144282.94; 0.07107227874345863
1587144283.97; 0.0706790705469488
1587144285.0; 0.10092253031188314
1587144286.05; 0.08798355515725576
1587144287.08; 0.07589837640529118
1587144288.12; 0.06461920712174488
1587144289.16; 0.05411318648441732
1587144290.19; 0.044340465232046516
1587144291.22; 0.044340465232046516
1587144292.25; 0.035261004827884856
1587144293.27; 0.026835159392613134
1587144294.31; 0.019024118702121368
1587144295.37; 0.011790235887802342
1587144296.41; 0.005097260847640561
1587144297.44; 0.005097260847640561
1587144298.48; 0.006802209380302293
1587144299.51; 0.006802209380302293
1587144300.55; 0.012073917074789081
1587144301.57; 0.01693339370381544
1587144302.61; 0.021408581296718354
1587144303.65; 0.025525760024280114
1587144304.68; 0.025525760024280114
1587144305.72; 0.029309599572384062
1587144306.75; 0.03278322100866313
1587144307.78; 0.035968265544313316
1587144308.8; 0.03888496738527783
1587144309.84; 0.03888496738527783
1587144310.86; 0.04155222850970716
1587144311.91; 0.04398489970452514
1587144312.93; 0.0462047797723317
1587144313.98; 0.0462047797723317
1587144315.03; 0.048224677333146865
1587144316.06; 0.05005890404148276
1587144317.11; 0.0517207971151601
1587144318.13; 0.05322278301407522
1587144319.16; 0.05457643776413991
1587144320.18; 0.05579254386895928
1587144321.22; 0.05688114382268666
1587144322.24; 0.05688114382268666
1587144323.29; 0.057851590289920436
1587144324.33; 0.058707343598780146
1587144325.35; 0.05946682137639593
1587144326.39; 0.05946682137639593
1587144327.43; 0.0601325286884775
1587144328.46; 0.06071149834576115
1587144329.49; 0.061210278539763255
1587144330.51; 0.061634965857412606
1587144331.55; 0.061991235988388196
1587144332.59; 0.062284372282077075
1587144333.61; 0.06251929230486952
1587144334.66; 0.06251929230486952
1587144335.69; 0.0627005725412054
1587144336.73; 0.06282560661791325
1587144337.75; 0.06291199417281428
1587144338.79; 0.06295665639265272
1587144339.82; 0.06295665639265272
1587144340.85; 0.06296301963443893
1587144341.88; 0.06293426925940906
1587144342.92; 0.06287336574920374
1587144343.95; 0.06278305973893354
1587144344.99; 0.06266590604656301
1587144346.02; 1.2128683430501908
1587144347.07; 0.6683650745311249
1587144348.11; 0.6355059696167804
1587144349.15; 0.6355059696167804
1587144350.2; 0.6026503412208295
1587144351.23; 0.5698154936906391
1587144352.27; 0.537222914499889
1587144353.3; 0.505020680539634
1587144354.33; 0.47334817229284104
1587144355.37; 0.4423334522295053
1587144356.42; 0.4423334522295053
1587144357.44; 0.41209138682291996
1587144358.46; 0.41209138682291996
1587144359.49; 0.3543120339021794
1587144360.52; 0.3269304264551235
1587144361.63; 0.3269304264551235
1587144362.65; 0.30067576684383357
1587144363.73; 0.2755007862076972
1587144364.78; 0.2514786211828505
1587144365.83; 0.22862428258032425
1587144366.88; 0.20694144318836227
1587144367.93; 0.18642368387790265
1587144368.98; 0.1670557801296692
1587144370.05; 0.1670557801296692
1587144371.08; 0.14881498885726846
1587144372.14; 0.13167230112266065
1587144373.18; 0.13167230112266065
1587144374.23; 0.11559363259760891
1587144375.29; 0.10056636594740559
1587144376.34; 0.08649782011061402
1587144377.38; 0.08649782011061402
1587144378.41; 0.061142259417719225
1587144379.43; 0.04976592209182362
1587144380.45; 0.039197248897546055
1587144381.47; 0.029391713342961978
1587144382.49; 0.029391713342961978
1587144383.53; 0.02030562395149882
1587144384.56; 0.011896426589192488
1587144385.58; 0.00412293619745252
1587144386.62; 0.0030345678813785137
1587144387.67; 0.009654324684153281
1587144388.71; 0.009654324684153281
1587144389.75; 0.015752253813581474
1587144390.78; 0.021362831434192653
1587144391.82; 0.026518745464297944
1587144392.86; 0.03125090699099731
1587144393.89; 0.03125090699099731
1587144394.92; 0.03558847971020984
1587144395.94; 0.03955892319870974
1587144396.96; 0.043188046521819734
1587144398.01; 0.043188046521819734
1587144399.05; 0.043188046521819734
1587144400.09; 0.043188046521819734
1587144401.11; 0.043188046521819734
1587144402.13; 0.043188046521819734
1587144403.17; 0.046500069292487345
1587144404.21; 0.04398356371345724
1587144405.23; 0.04398356371345724
1587144406.25; 0.04733656820353105
1587144407.29; 0.04733656820353105
1587144408.34; 0.04875707500553239
1587144409.38; 0.05002700462913823
1587144410.44; 0.051159767976756976
1587144411.46; 0.05216757863013671
1587144412.5; 0.05306155197843074
1587144413.52; 0.05306155197843074
1587144414.56; 0.053851798741391566
1587144415.61; 0.05454751255931303
1587144416.64; 0.06659211285715722
1587144417.66; 0.06703948616831062
1587144418.69; 0.06703948616831062
1587144419.72; 0.06741164690892465
1587144420.74; 0.06771538391161275
1587144421.79; 0.06795687522468996
1587144422.83; 0.06814174351016322
1587144423.86; 0.06814174351016322
1587144424.91; 0.0682751068799792
1587144425.94; 0.06836162539569399
1587144426.97; 0.06840554348535122
1587144428.0; 0.06841072854725277
1587144429.02; 0.06841072854725277
1587144430.04; 0.06833335152329267
1587144431.07; 0.06827223431026314
1587144432.12; 0.06818202476926288
1587144433.15; 0.06806540351792201
1587144434.18; 0.06806540351792201
1587144435.21; 0.06792481932339936
1587144436.26; 0.06776251041256678
1587144437.29; 0.06758052372589946
1587144438.33; 0.06738073231072758
1587144439.35; 0.06716485103359963
1587144440.4; 0.06693445077610623
1587144441.42; 0.0666511267968955
1587144442.47; 0.06639652127394179
1587144443.49; 0.06639652127394179
1587144444.52; 0.06613134830302111
1587144445.54; 0.06585672034531902
1587144446.58; 0.06557365881446922
1587144447.61; 0.06528310187074154
1587144448.65; 0.06528310187074154
1587144449.69; 0.06498591148872554
1587144450.72; 0.06468287987113899
1587144451.75; 0.06437473527391796
1587144452.77; 0.06406214730101298
1587144453.82; 0.06406214730101298
1587144454.86; 0.06371131801668621
1587144455.88; 0.063392114891999
1587144456.93; 0.06307015878286076
1587144457.96; 0.06274592921611284
1587144459.01; 0.06241986721196409
1587144460.04; 0.06241986721196409
1587144461.08; 0.06209237832754409
1587144462.12; 0.061763835440309764
1587144463.16; 0.06143458129573244
1587144464.18; 0.06143458129573244
1587144465.21; 0.060775173365911705
1587144466.24; 0.060775173365911705
1587144467.27; 0.06041526916600716
1587144468.31; 0.06041526916600716
1587144469.35; 0.059758224872924065
1587144470.39; 0.059758224872924065
1587144471.43; 0.05943083296501678
1587144472.46; 0.05943083296501678
1587144473.5; 0.058779249457330235
1587144474.53; 0.058779249457330235
1587144475.55; 0.05813300449786542
1587144476.58; 0.05813300449786542
1587144477.62; 0.05781223418491051
1587144478.67; 0.05749319405625273
1587144479.71; 0.05714881900624883
1587144480.74; 0.05683384014118414
1587144481.8; 0.05652087820069919
1587144482.84; 0.05652087820069919
1587144483.88; 0.05621001287097065
1587144484.92; 0.05590131577650351
1587144485.96; 0.05559485106872061
1587144486.99; 0.05529067597155389
1587144488.03; 0.05498884128740118
1587144489.07; 0.05498884128740118
1587144490.11; 0.05468939186652581
1587144491.15; 0.054392367042713066
1587144492.19; 0.05407306818483322
1587144493.23; 0.05378121891594158
1587144494.28; 0.05378121891594158
1587144495.31; 0.05320506612829573
1587144496.35; 0.05320506612829573
1587144497.39; 0.05292080117106583
1587144498.43; 0.052639096884934886
1587144499.47; 0.052359963960539636
1587144500.51; 0.052359963960539636
1587144501.55; 0.052083410108072534
1587144502.6; 0.051809440283288995
1587144503.62; 0.051538056897872525
1587144504.66; 0.051538056897872525
1587144505.69; 0.05098040398768791
1587144506.73; 0.05098040398768791
1587144507.77; 0.050456066075995676
1587144508.81; 0.05019774514451567
1587144509.84; 0.05019774514451567
1587144510.87; 0.04994197796242169
1587144511.89; 0.04968875401266025
1587144512.94; 0.04968875401266025
1587144513.99; 0.049438061469408795
1587144515.01; 0.04918988730910858
1587144516.04; 0.04894421741391162
1587144517.07; 0.04867971524473901
1587144518.12; 0.04843915312112108
1587144519.15; 0.04843915312112108
1587144520.19; 0.04820104403540608
1587144521.24; 0.047965370466754004
1587144522.28; 0.04773211421845203
1587144523.31; 0.047501256485552056
1587144524.33; 0.047501256485552056
1587144525.37; 0.04727277791785279
1587144526.39; 0.046822878498739895
1587144527.44; 0.046822878498739895
1587144528.47; 0.04660141672835763
1587144529.5; 0.04660141672835763
1587144530.55; 0.046145340385953706
1587144531.59; 0.046145340385953706
1587144532.63; 0.045930820550043217
1587144533.68; 0.04571853108302947
1587144534.73; 0.04550845013042998
1587144535.77; 0.04530055569317903
1587144536.81; 0.04509482565806505
1587144537.84; 0.04509482565806505
1587144538.88; 0.04489123782596533
1587144539.92; 0.04468976993802225
1587144540.95; 0.044490399699894934
1587144541.98; 0.044490399699894934
1587144543.02; 0.044078710150948885
1587144544.06; 0.044078710150948885
1587144545.09; 0.043885590204937555
1587144546.17; 0.04369447677121385
1587144547.21; 0.04369447677121385
1587144548.27; 0.04350534772663004
1587144549.31; 0.04331818102305757
1587144550.35; 0.04313295470128024
1587144551.38; 0.04294964690376311
1587144552.4; 0.042768235886371186
1587144553.47; 0.04258870002910567
1587144554.49; 0.04258870002910567
1587144555.56; 0.042392455161712785
1587144556.59; 0.042216679917885296
1587144557.62; 0.042216679917885296
1587144558.66; 0.04187053681360782
1587144559.7; 0.04170012712112203
1587144560.74; 0.04170012712112203
1587144561.78; 0.041364528143930934
1587144562.82; 0.041364528143930934
1587144563.86; 0.04119929806505841
1587144564.9; 0.04103575403561142
1587144565.94; 0.04087387612314737
1587144566.97; 0.04087387612314737
1587144568.0; 0.04053704935111302
1587144569.08; 0.04053704935111302
1587144570.12; 0.04038011028907699
1587144571.16; 0.040224758227938126
1587144572.21; 0.04007097425083224
1587144573.25; 0.03991873964387816
1587144574.3; 0.03991873964387816
1587144575.35; 0.039768035897424
1587144576.4; 0.03961884470701304
1587144577.45; 0.03961884470701304
1587144578.47; 0.0394711479740879
1587144579.55; 0.03916249407322482
1587144580.57; 0.03916249407322482
1587144581.62; 0.03901922134539382
1587144582.66; 0.03887737162594473
1587144583.69; 0.03887737162594473
1587144584.72; 0.03873692787075399
1587144585.75; 0.03859787324081039
1587144586.78; 0.03832386502216103
1587144587.8; 0.03832386502216103
1587144588.86; 0.038188878774483355
1587144589.92; 0.038055216332156014
1587144590.94; 0.03792286186938004
1587144591.98; 0.0011970839816629608
1587144593.01; 0.0011970839816629608
1587144594.07; 0.0009608463205488527
1587144595.11; 0.0007264753036745203
1587144596.15; 0.0007264753036745203
1587144597.18; 0.0004939722505119815
1587144598.2; 3.457375204870411e-05
1587144599.24; 3.457375204870411e-05
1587144600.27; 0.00019232060648514265
1587144601.3; 0.00019232060648514265
1587144602.34; 0.0006404991077002126
1587144603.4; 0.0008617839763018706
1587144604.45; 0.0008617839763018706
1587144605.49; 0.0008617839763018706
1587144606.53; 0.0013166939222016422
1587144607.57; 0.0015319908690866538
1587144608.6; 0.0015319908690866538
1587144609.64; 0.001745424457292824
1587144610.67; 0.0019569967092948823
1587144611.7; 0.002166709922653734
1587144612.74; 0.0023745666663844076
1587144613.77; 0.002580569777273063
1587144614.82; 0.002784722356144506
1587144615.86; 0.002784722356144506
1587144616.91; 0.0032020744139122093
1587144617.95; 0.0032020744139122093
1587144619.01; 0.0032020744139122093
1587144620.05; 0.0035967335730369074
1587144621.08; 0.0037913168310831566
1587144622.1; 0.0037913168310831566
1587144623.15; 0.004175014009873308
1587144624.19; 0.004175014009873308
1587144625.22; 0.0043641379553402485
1587144626.26; 0.004551452535399805
1587144627.29; 0.004551452535399805
1587144628.33; 0.004920676126922145
1587144629.35; 0.004920676126922145
1587144630.38; 0.005293326644265982
1587144631.41; 0.005293326644265982
1587144632.44; 0.005471326447632652
1587144633.47; 0.005647555859284496
1587144634.52; 0.005647555859284496
1587144635.56; 0.00599473116423186
1587144636.59; 0.006165691360286642
1587144637.61; 0.006165691360286642
1587144638.65; 0.006165691360286642
1587144639.68; 0.006334909761560391
1587144640.72; 0.006668151779667092
1587144641.75; 0.006839685654259943
1587144642.79; 0.006839685654259943
1587144643.82; 0.007001678777857533
1587144644.86; 0.007161972487232646
1587144645.89; 0.007320575244012022
1587144646.93; 0.0074774956610031
1587144647.97; 0.0074774956610031
1587144649.0; 0.007632742497903973
1587144650.04; 0.007786324657021268
1587144651.06; 0.007938251178999184
1587144652.12; 0.008088531238560633
1587144653.16; 0.0082371741402633
1587144654.19; 0.0082371741402633
1587144655.24; 0.008388450794203396
1587144656.27; 0.008533537419014657
1587144657.3; 0.008677018412116586
1587144658.33; 0.008677018412116586
1587144659.35; 0.008677018412116586
1587144660.39; 0.008959202790777963
1587144661.42; 0.008959202790777963
1587144662.45; 0.00923508355708496
1587144663.48; 0.00923508355708496
1587144664.54; 0.00937068540776699
1587144665.57; 0.009504741929608977
1587144666.59; 0.009504741929608977
1587144667.61; 0.009769524916781708
1587144668.68; 0.009769524916781708
1587144669.72; 0.009898725068314677
1587144670.74; 0.010152635005658321
1587144671.78; 0.010152635005658321
1587144672.8; 0.010277366242682016
1587144673.82; 0.010400629400809852
1587144674.85; 0.010522435362192217
1587144675.87; 0.010522435362192217
1587144676.9; 0.010761719499824837
1587144677.93; 0.010761719499824837
1587144678.97; 0.010879219706131975
1587144679.99; 0.01099383043167218
1587144681.01; 0.011108260490453936
1587144682.04; 0.011108260490453936
1587144683.07; 0.011221302656504083
1587144684.11; 0.011332968122242479
1587144685.13; 0.011443268111112175
1587144686.15; 0.011443268111112175
1587144687.19; 0.011552213874340467
1587144688.21; 0.01176608784862608
1587144689.23; 0.01176608784862608
1587144690.26; 0.011871038672623062
1587144691.28; 0.011871038672623062
1587144692.31; 0.01207306880402085
1587144693.33; 0.01207306880402085
1587144694.35; 0.012173899311829002
1587144695.38; 0.012173899311829002
1587144696.4; 0.012371755412797003
1587144697.43; 0.012371755412797003
1587144698.47; 0.012564613947807696
1587144699.52; 0.012659197489684415
1587144700.55; 0.012659197489684415
1587144701.59; 0.012752565662123773
1587144702.62; 0.012844729788974475
1587144703.64; 0.012935701181600458
1587144704.67; 0.013019311262254238
1587144705.7; 0.013107730264894611
1587144706.72; 0.013107730264894611
1587144707.76; 0.013194993073604472
1587144708.78; 0.013281110906340647
1587144709.8; 0.013366094956676913
1587144710.84; 0.013449956391679799
1587144711.87; 0.013449956391679799
1587144712.89; 0.01353270634983822
1587144713.92; 0.01361435593904655
1587144714.95; 0.01369491623464111
1587144715.98; 0.009313893475125803
1587144717.01; 0.009467951000614212
1587144718.06; 0.009613014570154538
1587144719.1; 0.009762792440378781
1587144720.15; 0.00991056515348842
1587144721.18; 0.010056352354924553
1587144722.23; 0.010056352354924553
1587144723.25; 0.010200173674813351
1587144724.27; 0.01034204872201877
1587144725.31; 0.010481997078388934
1587144727.35; 0.0106200382931914
1587144728.4; 0.010756191877735508
1587144729.43; 0.010756191877735508
1587144730.46; 0.011013956268630866
1587144731.49; 0.011144385407389892
1587144732.52; 0.011273007169934735
1587144733.54; 0.011273007169934735
1587144734.59; 0.011399840782830174
1587144735.64; 0.011524905405646456
1587144736.68; 0.011648220126823008
1587144737.71; 0.011769803959692331
1587144738.77; 0.011889675838659883
1587144739.8; 0.011889675838659883
1587144740.83; 0.012007854615537678
1587144741.9; 0.012124359056027146
1587144742.93; 0.012228476791296409
1587144743.96; 0.012341535119341381
1587144745.02; 0.012452977336237323
1587144746.07; 0.012452977336237323
1587144747.11; 0.0125628218063474
1587144748.16; 0.012671086792208956
1587144749.19; 0.01277779045186864
1587144750.24; 0.012882950836345289
1587144751.26; 0.012986585887215941
1587144752.29; 0.012986585887215941
1587144753.33; 0.01318935119359698
1587144754.38; 0.01318935119359698
1587144755.42; 0.01318935119359698
1587144756.55; 0.013276237726570838
1587144757.6; 0.013373817862320062
1587144758.69; 0.013564690022272553
1587144759.72; 0.013564690022272553
1587144760.76; 0.013658016351830761
1587144761.78; 0.0137499588444851
1587144762.83; 0.013840534340444396
1587144763.86; 0.013840534340444396
1587144764.91; 0.01392975955245182
1587144765.94; 0.014017651064552345
1587144766.98; 0.014104225330949561
1587144768.01; 0.01417587549778328
1587144769.04; 0.01425975365166873
1587144770.07; 0.014342365113030605
1587144771.12; 0.014342365113030605
1587144772.14; 0.01450385141708824
1587144773.17; 0.01450385141708824
1587144774.23; 0.014582757652930742
1587144775.26; 0
1587144776.3; 0.01473697375985053
1587144777.34; 0.01473697375985053
1587144778.38; 0.014812314209719124
1587144779.42; 0.014886496415261987
1587144780.45; 0.014886496415261987
1587144781.48; 0.014944748771751764
1587144782.51; 0.01501656656232343
1587144783.54; 0.015087272263806729
1587144784.56; 0.015156880384705643
1587144785.58; 0.015225405295842202
1587144786.66; 0.015292861230329531
1587144787.69; 0.015292861230329531
1587144788.73; 0.015359262283595743
1587144789.75; 0.015424622413455966
1587144790.8; 0.015488955440231614
1587144791.85; 0.015488955440231614
1587144792.9; 0.015598806026987905
1587144793.93; 0.015598806026987905
1587144794.97; 0.015660062093223227
1587144796.02; 0.01572034644990107
1587144797.06; 0.01572034644990107
1587144798.11; 0.015779672208814727
1587144799.17; 0.01583805234606849
1587144800.2; 0.01589549970248286
1587144801.24; 0.015952026984033016
1587144802.29; 0.016007646762320332
1587144803.33; 0.016007646762320332
1587144804.36; 0.01606237147507472
1587144805.4; 0.016116213426686433
1587144806.45; 0.016152528410866982
1587144807.47; 0.01620457718976711
1587144808.5; 0.016255780583990777
1587144809.53; 0.016255780583990777
1587144810.57; 0.016306150348127543
1587144811.6; 0.01635569810672259
1587144812.63; 0.01640443535496303
1587144813.68; 0.01640443535496303
1587144814.72; 0.016452373459385543
1587144815.76; 0.016545897064057014
1587144816.79; 0.016591504660771705
1587144817.83; 0.016591504660771705
1587144818.86; 0.016618943860242964
1587144819.9; 0.01666299935130947
1587144820.94; 0.016706322290731893
1587144821.97; 0.016748923145840977
1587144823.0; 0.016748923145840977
1587144824.05; 0.016790812261865122
1587144825.08; 0.016831999862784976
1587144826.12; 0.016872496052199613
1587144827.16; 0.01691231081420405
1587144828.19; 0.016951454014276834
1587144829.23; 0.016951454014276834
1587144830.27; 0.016989935400177018
1587144831.33; 0.017009688815138625
1587144832.37; 0.017046831621356236
1587144833.4; 0.017083342029214802
1587144834.44; 0.01711922930704872
1587144835.47; 0.017154502610321302
1587144836.51; 0.017154502610321302
1587144837.57; 0.017189170982564856
1587144838.6; 0.01722324335632492
1587144839.66; 0.017256728554109646
1587144840.69; 0.017256728554109646
1587144841.75; 0.017289635289342437
1587144842.79; 0.017321972167318678
1587144843.84; 0.017335087089404365
1587144844.88; 0.017335087089404365
1587144845.92; 0.017366273462027328
1587144846.95; 0.017396915863393016
1587144847.98; 0.017396915863393016
1587144849.02; 0.017456601317311464
1587144850.05; 0.017456601317311464
1587144851.09; 0.017485660395613348
1587144852.13; 0.017514207556088082
1587144853.19; 0.017542250559226362
1587144854.23; 0.017569797066303558
1587144855.3; 0.017604247728281938
1587144856.32; 0.017604247728281938
1587144857.36; 0.017630319655182546
1587144858.4; 0.017630319655182546
1587144859.44; 0.0176559253285924
1587144860.46; 0
1587144861.49; 0.01770576648739494
1587144862.52; 0.017730016026882123
1587144863.55; 0.01775382742296743
1587144864.59; 0.017777207474834744
1587144865.64; 0.017777207474834744
1587144866.7; 0.01782270029635788
1587144867.72; 0.01782270029635788
1587144868.77; 0.01782517260157522
1587144869.81; 0.017846868251695194
1587144870.84; 0.017846868251695194
1587144871.87; 0.017889071158053632
1587144872.91; 0.01790959086118607
1587144873.93; 0.01790959086118607
1587144874.95; 0.017929730890330037
1587144875.99; 0.01794949726246402
1587144877.02; 0.01794949726246402
1587144878.07; 0.017987932699709025
1587144879.11; 0.01800661339755216
1587144880.17; 0.01800661339755216
1587144881.21; 0.018004858293999268
1587144882.24; 0.018022822364983343
1587144883.27; 0.018022822364983343
1587144884.32; 0.018040447562974515
1587144885.36; 0.018074703103197996
1587144886.38; 0.018074703103197996
1587144887.44; 0.018091344141322876
1587144888.47; 0.018107667699942556
1587144889.5; 0.018107667699942556
1587144890.55; 0.018123678945105984
1587144891.58; 0.018139382971614312
1587144892.61; 0.018154784803850396
1587144893.64; 0.018149397095588524
1587144894.67; 0.018164190752885466
1587144895.71; 0.018178697141961908
1587144896.74; 0.018178697141961908
1587144897.79; 0.018192921005883253
1587144898.82; 0.018206867021505063
1587144899.88; 0.1253300401034619
1587144900.93; 0.007087965552717412
1587144901.97; 0.007087965552717412
1587144903.02; 0.007281659482145632
1587144904.04; 0.00747142824059923
1587144905.08; 0.00747142824059923
1587144906.11; 0.007657373366229115
1587144907.14; 0.007836949107047759
1587144908.17; 0.007836949107047759
1587144909.21; 0.008015307434012069
1587144910.26; 0.008190134851900961
1587144911.29; 0.008361521764188043
1587144912.33; 0.008529556036760984
1587144913.36; 0.008694323071783649
1587144914.41; 0.008855905879313623
1587144915.44; 0.008855905879313623
1587144916.48; 0.009014385146747444
1587144917.52; 0.009169839306163913
1587144918.55; 0.009322344599632621
1587144919.6; 0.009467112571414641
1587144920.63; 0.009613749007026915
1587144921.67; 0.009757656340014919
1587144922.72; 0.009757656340014919
1587144923.76; 0.009898902551499309
1587144924.8; 0.010037553735213166
1587144925.83; 0.010173674151727204
1587144926.89; 0.010307326281058219
1587144927.93; 0.010438570873711672
1587144928.98; 0.010567467000207269
1587144930.02; 0.010567467000207269
1587144931.06; 0.010694072099135025
1587144932.1; 0.0108117031726142
1587144933.13; 0.0109337304705677
1587144934.17; 0.0109337304705677
1587144935.2; 0.011053632318026082
1587144936.23; 0.01117145999971099
1587144937.27; 0.011287263391187952
1587144938.3; 0.01140109099890132
1587144939.38; 0.01151298999903462
1587144940.42; 0.01151298999903462
1587144941.45; 0.011623006275232318
1587144942.48; 0.011731184455217954
1587144943.51; 0.011837567946342544
1587144944.54; 0.011933828305243503
1587144945.59; 0.012036607841751113
1587144946.62; 0.01213771786851209
1587144947.66; 0.0122371971925764
1587144948.7; 0.0122371971925764
1587144949.72; 0.0122371971925764
1587144950.76; 0.012431413712799424
1587144951.79; 0.012526223363290252
1587144952.83; 0.012619547276602376
1587144953.86; 0.06636657270061044
1587144954.88; 0.012801872247902338
1587144955.91; 0.012801872247902338
1587144956.94; 0.012881118397144238
1587144957.98; 0.01296870467889107
1587144959.02; 0.013054966904176377
1587144960.07; 0.013054966904176377
1587144961.11; 0.013223636205440543
1587144962.14; 0.28101248750845703
1587144963.17; 0.016222576175941493
1587144964.2; 0.016222576175941493
1587144965.24; 0.015403265662808512
1587144966.28; 0.014602952474817871
1587144967.31; 0.013821143555615468
1587144968.36; 0.013821143555615468
1587144969.39; 0.012316193420621187
1587144970.42; 0.011587460884736007
1587144971.45; 0.011587460884736007
1587144972.48; 0.011587460884736007
1587144973.5; 0.010179557595831577
1587144974.53; 0.009499553508537453
1587144975.55; 0.008834979154454324
1587144976.57; 0.008834979154454324
1587144977.59; 0.008185447606856962
1587144978.64; 0.007550583096606847
1587144979.66; 0.007550583096606847
1587144980.69; 0.006323405614674826
1587144981.72; 0.005738703439608247
1587144982.76; 0.005738703439608247
1587144983.78; 0.0051592156471259865
1587144984.82; 0.004592661202595969
1587144985.85; 0.004592661202595969
1587144986.9; 0.0034970974046205257
1587144987.93; 0.0029674822004189076
1587144988.97; 0.0029674822004189076
1587144990.01; 0.0024495880825439083
1587144991.08; 0.0019431325101512374
1587144992.12; 365.02681090950387
1587144993.16; 0.6804458480294713
1587144994.19; 0.6804458480294713
1587144995.22; 0.6493104179036353
1587144996.24; 0.007434121064885439
1587144997.28; 0.006665520805258174
1587144998.33; 0.0059173095639445394
1587144999.38; 0.005188902515253821
1587145000.42; 0.004479733685609111
1587145001.48; 0.004479733685609111
1587145002.51; 0.0037892552533171572
1587145003.54; 0.0031169368789469437
1587145004.57; 0.0024622650647463037
1587145005.6; 0.0018247425416173385
1587145006.62; 0.0018247425416173385
1587145007.65; 0.0018247425416173385
1587145008.7; 0.0006038862187826011
1587145009.73; 1.5096158722992248e-05
1587145010.77; 0.0005583858277882908
1587145011.84; 0.0011169839813876259
1587145012.89; 0.0011169839813876259
1587145013.92; 0.0016611094995042236
1587145014.96; 0.0021911609905583655
1587145015.99; 0.0021911609905583655
1587145017.05; 0.002707524909812787
1587145018.09; 0.0032105759777508423
1587145019.12; 0.003700677581805173
1587145020.19; 0.003700677581805173
1587145021.23; 0.00306160581723822
1587145022.28; 0.003916980036383393
1587145023.33; 0.003916980036383393
1587145024.37; 0.004327712027793928
1587145025.41; 0.004727558506063361
1587145026.44; 0.005116820820776996
1587145027.47; 0.005116820820776996
1587145028.51; 0.005864752397537323
1587145029.54; 0.006223979347577874
1587145030.58; 0.006223979347577874
1587145031.61; 0.006573738113769011
1587145032.65; 0.006907487973601169
1587145033.69; 0.006907487973601169
1587145034.73; 0.007239151875775909
1587145035.77; 0.007562096795318329
1587145036.81; 0.00787655829155965
1587145037.88; 0.00818276491510822
1587145038.92; 0.008480938440971395
1587145039.96; 0.00877129409290241
1587145041.0; 0.009054040759351664
1587145042.02; 0.009054040759351664
1587145043.07; 0.009054040759351664
1587145044.14; 0.009597512252890225
1587145045.29; 0.009597512252890225
1587145046.33; 0.009852485588960166
1587145047.38; 0.010354494615538373
1587145048.43; 0.010595691738666257
1587145049.46; 0.010595691738666257
1587145050.5; 0.010830578897937478
1587145051.52; 0.010830578897937478
1587145052.57; 0.011059321191509673
1587145053.62; 0.011282079004709088
1587145054.65; 0.011499008158938485
1587145055.69; 0.011710260055334768
1587145056.78; 0.01191598181338533
1587145057.83; 0.01191598181338533
1587145058.87; 0.012110613460639397
1587145059.94; 0.012305729183654326
1587145060.98; 0.012495729586287085
1587145062.05; 0.012495729586287085
1587145063.14; 0.012860906033922034
1587145064.19; 0.013036333851949505
1587145065.25; 0.013207150116074425
1587145066.28; 0.013373472173523294
1587145067.32; 0.013373472173523294
1587145068.36; 0.01353541414138254
