1587143713.48; 0
1587143714.96; 0
1587143716.24; 0
1587143717.78; 0
1587143719.23; 0
1587143720.62; 0
1587143722.03; 0
1587143723.43; 0
1587143724.73; 0
1587143726.14; 0
1587143727.48; 0
1587143729.04; 0
1587143730.52; 0
1587143732.01; 0
1587143733.5; 0
1587143734.9; 0
1587143736.63; 0
1587143738.0; 0
1587143739.47; 0
1587143740.96; 0
1587143742.47; 0
1587143744.07; 0
1587143745.44; 0
1587143746.99; 0
1587143748.41; 0
1587143749.92; 0
1587143751.35; 0
1587143752.75; 0
1587143754.15; 0
1587143755.43; 0
1587143756.76; 0
1587143758.28; 0
1587143759.59; 0
1587143760.94; 0
1587143762.41; 0
1587143763.91; 0
1587143765.27; 0
1587143766.62; 0
1587143767.93; 0
1587143769.25; 0
1587143770.58; 0
1587143771.95; 0
1587143773.28; 0
1587143774.88; 0
1587143776.34; 0
1587143777.81; 0
1587143779.33; 0
1587143780.88; 0
1587143782.25; 0
1587143783.54; 0
1587143784.89; 0
1587143786.32; 0
1587143787.67; 0
1587143789.22; 0
1587143790.7; 0
1587143792.2; 0
1587143793.88; 0
1587143795.56; 0
1587143796.94; 0
1587143798.58; 0
1587143800.09; 0
1587143801.44; 0
1587143802.8; 0
1587143804.09; 0
1587143805.39; 0
1587143806.69; 0
1587143808.06; 0
1587143809.54; 0
1587143811.24; 0
1587143812.64; 0
1587143814.05; 0
1587143815.38; 0
1587143816.63; 0
1587143818.06; 0
1587143819.54; 0
1587143821.0; 0
1587143822.54; 0
1587143823.89; 0
1587143825.28; 0
1587143826.59; 0
1587143827.89; 0
1587143829.34; 0
1587143830.68; 0
1587143832.1; 0
1587143833.66; 0
1587143834.99; 0
1587143836.37; 0
1587143837.74; 0
1587143839.18; 0
1587143840.67; 0
1587143842.2; 0
1587144020.17; 0.02288872880945414
1587144021.9; 0.022968550523122078
1587144023.55; 0.022968550523122078
1587144025.4; 0.022968550523122078
1587144027.13; 0.022968550523122078
1587144028.82; 0.022968550523122078
1587144030.49; 0.022968550523122078
1587144032.15; 0.022968550523122078
1587144033.76; 0.022968550523122078
1587144035.4; 0.022968550523122078
1587144037.05; 0.022968550523122078
1587144038.72; 0.022968550523122078
1587144040.56; 0.022968550523122078
1587144042.41; 0.022968550523122078
1587144044.15; 0.022968550523122078
1587144045.64; 0.022968550523122078
1587144047.58; 0.022968550523122078
1587144049.33; 0.022968550523122078
1587144050.99; 0.022968550523122078
1587144052.52; 0.022968550523122078
1587144054.19; 0.022968550523122078
1587144055.77; 0.022968550523122078
1587144057.9; 0.022968550523122078
1587144059.43; 0.022968550523122078
1587144061.04; 0.022968550523122078
1587144062.88; 0.022968550523122078
1587144064.57; 0.022968550523122078
1587144066.26; 0.022968550523122078
1587144067.73; 0.022968550523122078
1587144069.29; 0.023088345559340473
1587144070.84; 0.02344740698900516
1587144072.48; 0.02344740698900516
1587144074.29; 0.02344740698900516
1587144075.8; 0.02344740698900516
1587144077.59; 0.02344740698900516
1587144079.41; 0.02344740698900516
1587144081.04; 0.02344740698900516
1587144082.61; 0.02344740698900516
1587144084.43; 0.02344740698900516
1587144085.98; 0.02344740698900516
1587144087.65; 0.02344740698900516
1587144089.25; 0.02344740698900516
1587144090.82; 0.02344740698900516
1587144092.53; 0.02344740698900516
1587144094.17; 0.02344740698900516
1587144095.93; 0.02344740698900516
1587144097.44; 0.02344740698900516
1587144099.05; 0.02344740698900516
1587144100.79; 0.02344740698900516
1587144102.39; 0.02344740698900516
1587144104.07; 0.02344740698900516
1587144105.6; 0.02344740698900516
1587144107.13; 0.02344740698900516
1587144108.59; 0.02344740698900516
1587144110.3; 0.02344740698900516
1587144111.95; 0.02344740698900516
1587144113.69; 0.02344740698900516
1587144115.29; 0.02344740698900516
1587144117.01; 0.02344740698900516
1587144118.95; 0.02344740698900516
1587144120.68; 0.02344740698900516
1587144122.45; 0.02344740698900516
1587144124.24; 0.02344740698900516
1587144125.82; 0.02344740698900516
1587144127.44; 0.02344740698900516
1587144129.25; 0.02344740698900516
1587144131.03; 0.02344740698900516
1587144132.67; 0.023627075414968113
1587144134.2; 0.023686967202799725
1587144136.37; 0.023686967202799725
1587144138.12; 0.023686967202799725
1587144139.7; 0.023686967202799725
1587144141.38; 0.023686967202799725
1587144143.22; 0.023128354473187285
1587144144.94; 0.023686967202799725
1587144146.53; 0.023686967202799725
1587144148.24; 0.023686967202799725
1587144149.84; 0.023686967202799725
1587144151.6; 0.023686967202799725
1587144153.11; 0.023686967202799725
1587144154.73; 0.023686967202799725
1587144156.35; 0.022968550523122078
1587144158.03; 0.022968550523122078
1587144159.65; 0.022968550523122078
1587144161.32; 0.022968550523122078
1587144162.95; 0.022968550523122078
1587144164.65; 0.022968550523122078
1587144166.27; 0.022968550523122078
1587144167.77; 0.022968550523122078
1587144169.22; 0.023990623697674573
1587144170.79; 0.023990623697674573
1587144172.43; 0.02399065349999696
1587144173.88; 0.023990623697674573
1587144175.55; 0.023990623697674573
1587144177.07; 0.02399065349999696
1587144178.44; 0.023990623697674573
1587144179.82; 0.023990623697674573
1587144181.32; 0.023990623697674573
1587144182.51; 0
1587144183.74; 0
1587144184.9; 0
1587144186.02; 0
1587144187.23; 0
1587144188.38; 0
1587144189.51; 0
1587144190.76; 0
1587144191.93; 0
1587144193.12; 0
1587144194.27; 0
1587144195.44; 0
1587144196.55; 0
1587144197.73; 0
1587144198.93; 0
1587144200.13; 0
1587144201.27; 0
1587144202.5; 0
1587144203.68; 0
1587144204.85; 0
1587144206.01; 0
1587144207.13; 0
1587144208.36; 0
1587144209.56; 0
1587144210.89; 0
1587144212.31; 0
1587144213.65; 0
1587144214.84; 0
1587144216.21; 0
1587144217.58; 0
1587144218.95; 0
1587144220.21; 0
1587144221.38; 0
1587144222.52; 0
1587144223.7; 0
1587144224.82; 0
1587144225.96; 0
1587144227.06; 0
1587144228.27; 0
1587144229.41; 0
1587144230.7; 0
1587144231.82; 0
1587144233.04; 0
1587144234.46; 0
1587144235.66; 0
1587144236.85; 0
1587144238.0; 0
1587144239.23; 0
1587144240.39; 0
1587144241.59; 0
1587144242.82; 0
1587144244.02; 0
1587144245.19; 0
1587144246.32; 0
1587144247.5; 0
1587144248.62; 0
1587144249.74; 0
1587144250.94; 0
1587144252.18; 0
1587144253.32; 0
1587144254.45; 0
1587144255.61; 0
1587144256.73; 0
1587144257.96; 0
1587144259.09; 0
1587144260.28; 0
1587144261.38; 0
1587144262.48; 0
1587144263.63; 0
1587144264.75; 0
1587144265.9; 0
1587144267.03; 0
1587144268.25; 0
1587144269.45; 0
1587144270.58; 0
1587144271.7; 0
1587144272.91; 0
1587144274.08; 0
1587144275.2; 0
1587144276.36; 0
1587144277.59; 0
1587144278.78; 0
1587144279.98; 0
1587144281.15; 0
1587144282.32; 0
1587144283.51; 0
1587144284.73; 0
1587144285.93; 0
1587144287.12; 0
1587144288.25; 0
1587144289.37; 0
1587144290.53; 0
1587144291.66; 0
1587144292.84; 0
1587144294.01; 0
1587144295.16; 0
1587144296.41; 0
1587144297.56; 0
1587144298.75; 0
1587144299.86; 0
1587144301.08; 0
1587144302.25; 0
1587144303.38; 0
1587144304.52; 0
1587144305.71; 0
1587144306.89; 0
1587144308.04; 0
1587144309.25; 0
1587144310.41; 0
1587144311.56; 0
1587144312.78; 0
1587144313.94; 0
1587144315.15; 0
1587144316.35; 0
1587144317.53; 0
1587144318.67; 0
1587144319.84; 0
1587144321.04; 0
1587144322.25; 0
1587144323.41; 0
1587144324.57; 0
1587144325.76; 0
1587144326.98; 0
1587144328.09; 0
1587144329.29; 0
1587144330.45; 0
1587144331.6; 0
1587144332.72; 0
1587144333.9; 0
1587144335.09; 0
1587144336.27; 0
1587144337.4; 0
1587144338.5; 0
1587144339.71; 0
1587144340.85; 0
1587144342.09; 0
1587144343.24; 0
1587144344.39; 0
1587144345.52; 0
1587144346.68; 0
1587144347.9; 0
1587144349.12; 0
1587144350.28; 0
1587144351.4; 0
1587144352.53; 0
1587144353.66; 0
1587144354.86; 0
1587144355.97; 0
1587144357.13; 0
1587144358.32; 0
1587144359.48; 0
1587144360.65; 0
1587144361.83; 0
1587144363.07; 0
1587144364.37; 0
1587144365.53; 0
1587144366.74; 0
1587144367.94; 0
1587144369.21; 0
1587144370.32; 0
1587144371.46; 0
1587144372.77; 0
1587144374.09; 0
1587144375.35; 0
1587144376.59; 0
1587144377.7; 0
1587144378.84; 0
1587144380.12; 0
1587144381.33; 0
1587144382.44; 0
1587144383.62; 0
1587144384.78; 0
1587144385.89; 0
1587144387.04; 0
1587144388.3; 0
1587144389.48; 0
1587144390.62; 0
1587144391.74; 0
1587144392.92; 0
1587144394.05; 0
1587144395.2; 0
1587144396.37; 0
1587144397.54; 0
1587144398.72; 0
1587144399.89; 0
1587144401.18; 0
1587144402.31; 0
1587144403.44; 0
1587144404.59; 0
1587144405.72; 0
1587144406.84; 0
1587144407.99; 0
1587144409.15; 0
1587144410.27; 0
1587144411.47; 0
1587144412.6; 0
1587144413.79; 0
1587144414.94; 0
1587144416.09; 0
1587144417.22; 0
1587144418.33; 0
1587144419.48; 0
1587144420.77; 0
1587144421.93; 0
1587144423.15; 0
1587144424.33; 0
1587144425.52; 0
1587144426.7; 0
1587144427.85; 0
1587144428.99; 0
1587144430.12; 0
1587144431.34; 0
1587144432.45; 0
1587144433.57; 0
1587144434.74; 0
1587144435.87; 0
1587144437.09; 0
1587144438.22; 0
1587144439.51; 0
1587144440.64; 0
1587144441.83; 0
1587144442.95; 0
1587144444.06; 0
1587144445.21; 0
1587144446.33; 0
1587144447.52; 0
1587144448.64; 0
1587144449.81; 0
1587144450.93; 0
1587144452.15; 0
1587144453.27; 0
1587144454.42; 0
1587144455.6; 0
1587144456.74; 0
1587144457.99; 0
1587144459.17; 0
1587144460.41; 0
1587144461.52; 0
1587144462.63; 0
1587144463.75; 0
1587144464.96; 0
1587144628.63; 0.02834848944315027
1587144630.04; 0.02553345819911268
1587144631.43; 0.02553345819911268
1587144632.82; 0.02553345819911268
1587144634.31; 0.02553345819911268
1587144635.81; 0.02553345819911268
1587144637.45; 0.02553345819911268
1587144638.85; 0.02553345819911268
1587144640.37; 0.02553345819911268
1587144641.87; 0.02553345819911268
1587144643.3; 0.02553345819911268
1587144644.76; 0.02553345819911268
1587144646.13; 0.02553345819911268
1587144647.63; 0.025525737591566733
1587144649.0; 0.025525737591566733
1587144650.43; 0.025525737591566733
1587144651.79; 0.025525737591566733
1587144653.23; 0.025525737591566733
1587144654.55; 0.025525737591566733
1587144656.01; 0.025525737591566733
1587144657.62; 0.025525737591566733
1587144659.11; 0.025525737591566733
1587144660.59; 0.025525737591566733
1587144661.94; 0.025525737591566733
1587144663.6; 0.025525737591566733
1587144664.91; 0.025525737591566733
1587144666.33; 0.025525737591566733
1587144667.65; 0.025525737591566733
1587144669.12; 0.025525737591566733
1587144670.59; 0.025525737591566733
1587144671.91; 0.025525737591566733
1587144673.3; 0.025525737591566733
1587144674.76; 0.025525737591566733
1587144676.25; 0.025525737591566733
1587144677.65; 0.025525737591566733
1587144679.04; 0.025525737591566733
1587144680.45; 0.025525737591566733
1587144681.84; 0.025525737591566733
1587144683.37; 0.025525737591566733
1587144684.95; 0.025485059230130114
1587144686.54; 0.02547146876653028
1587144687.92; 0.02547146876653028
1587144689.3; 0.02547146876653028
1587144690.65; 0.02547146876653028
1587144692.13; 0.02547146876653028
1587144693.52; 0.02547146876653028
1587144694.85; 0.02547146876653028
1587144696.24; 0.02547146876653028
1587144697.7; 0.02547146876653028
1587144699.15; 0.02547146876653028
1587144700.68; 0.02547146876653028
1587144702.02; 0.02547146876653028
1587144703.49; 0.02547146876653028
1587144704.91; 0.02547146876653028
1587144706.44; 0.02547146876653028
1587144707.88; 0.02547146876653028
1587144709.31; 0.025471051534016853
1587144710.7; 0.025470395882924324
1587144712.35; 0.02546968062718702
1587144713.79; 0.025468965371449714
1587144715.25; 0.025468309720357185
1587144716.84; 0.025467773278554207
1587144718.76; 0.025467773278554207
1587144720.5; 0.025467773278554207
1587144722.22; 0.025467773278554207
1587144723.78; 0.025467773278554207
1587144725.33; 0.025467773278554207
1587144726.94; 0.025467773278554207
1587144728.68; 0.025467773278554207
1587144730.48; 0.025467773278554207
1587144732.34; 0.025467773278554207
1587144734.1; 0.025467773278554207
1587144735.69; 0.025467773278554207
1587144737.23; 0.025467773278554207
1587144738.94; 0.025467773278554207
1587144740.47; 0.025467773278554207
1587144742.3; 0.025467773278554207
1587144743.79; 0.025467773278554207
1587144745.46; 0.025467773278554207
1587144747.04; 0.025467773278554207
1587144748.72; 0.025467773278554207
1587144750.37; 0.025467773278554207
1587144751.87; 0.025467773278554207
1587144753.67; 0.025467773278554207
1587144755.42; 0.025467773278554207
1587144757.54; 0.025467773278554207
1587144759.19; 0.025467773278554207
1587144761.01; 0.025467773278554207
1587144762.81; 0.025467773278554207
1587144764.47; 0.025467773278554207
1587144766.15; 0.025467773278554207
1587144767.79; 0.025467773278554207
1587144769.51; 0.025467773278554207
1587144771.25; 0.025467773278554207
1587144772.87; 0.025467773278554207
1587144774.62; 0.025467773278554207
1587144776.09; 0.025467773278554207
1587144777.85; 0.025467773278554207
1587144779.43; 0.025467773278554207
1587144781.17; 0.025467773278554207
1587144782.76; 0.025467773278554207
1587144784.19; 0.025467773278554207
1587144785.5; 0.025467773278554207
1587144787.57; 0.025467773278554207
1587144789.36; 0.025467773278554207
1587144790.96; 0.025467773278554207
1587144944.34; 0.01833856797676825
1587144946.01; 0.015784015258153206
1587144947.57; 0.015784015258153206
1587144949.26; 0.015784015258153206
1587144950.81; 0.015784015258153206
1587144952.5; 0.015784015258153206
1587144954.0; 0.015784015258153206
1587144955.79; 0.015784015258153206
1587144957.39; 0.015784015258153206
1587144959.06; 0.015784015258153206
1587144960.59; 0.015784015258153206
1587144962.13; 0.015784015258153206
1587144963.95; 0.015784015258153206
1587144965.56; 0.015784015258153206
1587144967.17; 0.015784015258153206
1587144968.64; 0.016890556787121147
1587144970.01; 0.016890556787121147
1587144971.34; 0.016890556787121147
1587144972.78; 0.016890586589443535
1587144974.2; 0.016890556787121147
1587144975.59; 0.016890556787121147
1587144976.95; 0.016890556787121147
1587144978.81; 0.016890586589443535
1587144980.16; 0.016890556787121147
1587144981.53; 0.016890556787121147
1587144982.87; 0.016890586589443535
1587144984.31; 0.016890556787121147
1587144985.8; 0.016890556787121147
1587144987.22; 0.016890586589443535
1587144988.62; 0.016890556787121147
1587144990.08; 0.016890556787121147
1587144991.43; 0.016890556787121147
1587144992.94; 0.016890556787121147
1587144994.36; 0.016890556787121147
1587144995.84; 0.016890586589443535
1587144997.22; 0.016567123005357454
1587144998.59; 1.319947988092823
1587144999.93; 1.319947988092823
1587145001.4; 1.319947988092823
1587145002.76; 1.319947988092823
1587145004.26; 1.319947988092823
1587145005.74; 1.319947988092823
1587145007.27; 1.319947988092823
1587145008.6; 1.319947988092823
1587145010.26; 1.319947988092823
1587145011.84; 1.319947988092823
1587145013.53; 1.319947988092823
1587145015.01; 1.319947988092823
1587145016.74; 1.319947988092823
1587145018.45; 1.319947988092823
1587145020.36; 1.319947988092823
1587145022.1; 1.319947988092823
1587145023.95; 1.319947988092823
1587145025.52; 1.319947988092823
1587145027.3; 1.319947988092823
1587145028.78; 1.319947988092823
1587145030.25; 1.319947988092823
1587145031.73; 1.319947988092823
1587145033.47; 1.319947988092823
1587145035.04; 1.319947988092823
1587145036.62; 1.319947988092823
1587145038.01; 1.319947988092823
1587145039.57; 1.319947988092823
1587145041.18; 1.319947988092823
1587145042.77; 1.319947988092823
1587145044.59; 1.319947988092823
1587145046.44; 1.319947988092823
1587145047.78; 1.319947988092823
1587145049.29; 1.319947988092823
1587145050.72; 1.319947988092823
1587145052.43; 1.319947988092823
1587145054.06; 1.319947988092823
1587145055.58; 1.319947988092823
1587145057.19; 1.319947988092823
1587145058.86; 1.320317549272941
1587145060.71; 1.3204407691955566
1587145062.52; 1.3204407691955566
1587145064.22; 1.3204407691955566
1587145065.66; 1.3204407691955566
1587145067.35; 1.3204407691955566
